V 54
K 1
D 0 -1016000 3302000 0
Y 1
U 2921000 762000 254000 0 2 3 REFDES=IC?
U 2921000 508000 254000 0 2 3 DEVICE=TPS22997RYZR
U 2921000 254000 254000 0 2 0 PKG_TYPE=TPS22997RYZR
U 2921000 0 254000 0 2 0 Description=TPS22997 5.5-V, 10-A, 4-m On-Resistance Load Switch with Adjustable Rise Time
U 2921000 -254000 254000 0 2 0 Datasheet Link=https://www.ti.com/lit/gpn/tps22997?HQS=ti-null-null-sf-df-pf-sep-wwe&DCM=yes?hkey=EF798316E3902B6ED9A73243A3159BB0
U 2921000 -508000 254000 0 2 0 Height=0.8
U 2921000 -762000 254000 0 2 0 Manufacturer_Name=Texas Instruments
U 2921000 -1016000 254000 0 2 0 Manufacturer_Part_Number=TPS22997RYZR
U 2921000 -1270000 254000 0 2 0 Mouser Part Number=595-TPS22997RYZR
U 2921000 -1524000 254000 0 2 0 Mouser Price/Stock=https://www.mouser.co.uk/ProductDetail/Texas-Instruments/TPS22997RYZR?qs=amGC7iS6iy986RqKkXLlig%3D%3D
U 2921000 -1778000 254000 0 2 0 Arrow Part Number=TPS22997RYZR
U 2921000 -2032000 254000 0 2 0 Arrow Price/Stock=https://www.arrow.com/en/products/tps22997ryzr/texas-instruments?utm_currency=USD&region=nac
U 0 0 254000 0 1 0 FORWARD_PCB=1
l 5 508000 254000 2794000 254000 2794000 -1270000 508000 -1270000 508000 254000
|GRPHSTL -1 -1 -1 1
P 1 0 0 508000 0 0 2 0
L 584200 0 228600 0 2 0 1 0 VBIAS
A 355600 50800 203200 0 9 3 #=1
A 0 0 9 0 3 0 PINTYPE=BI
P 2 0 -254000 508000 -254000 0 2 0
L 584200 -254000 228600 0 2 0 1 0 VIN_1
A 355600 -203200 203200 0 9 3 #=2
A 0 0 9 0 3 0 PINTYPE=BI
P 3 0 -508000 508000 -508000 0 2 0
L 584200 -508000 228600 0 2 0 1 0 VIN_2
A 355600 -457200 203200 0 9 3 #=3
A 0 0 9 0 3 0 PINTYPE=BI
P 4 0 -762000 508000 -762000 0 2 0
L 584200 -762000 228600 0 2 0 1 0 PG
A 355600 -711200 203200 0 9 3 #=4
A 0 0 9 0 3 0 PINTYPE=BI
P 5 0 -1016000 508000 -1016000 0 2 0
L 584200 -1016000 228600 0 2 0 1 0 GND
A 355600 -965200 203200 0 9 3 #=5
A 0 0 9 0 3 0 PINTYPE=BI
P 6 3302000 0 2794000 0 0 3 0
L 2717800 0 228600 0 8 0 1 0 QOD
A 2946400 50800 203200 0 3 3 #=6
A 0 0 9 0 3 0 PINTYPE=BI
P 7 3302000 -254000 2794000 -254000 0 3 0
L 2717800 -254000 228600 0 8 0 1 0 VOUT_1
A 2946400 -203200 203200 0 3 3 #=7
A 0 0 9 0 3 0 PINTYPE=BI
P 8 3302000 -508000 2794000 -508000 0 3 0
L 2717800 -508000 228600 0 8 0 1 0 VOUT_2
A 2946400 -457200 203200 0 3 3 #=8
A 0 0 9 0 3 0 PINTYPE=BI
P 9 3302000 -762000 2794000 -762000 0 3 0
L 2717800 -762000 228600 0 8 0 1 0 CT
A 2946400 -711200 203200 0 3 3 #=9
A 0 0 9 0 3 0 PINTYPE=BI
P 10 3302000 -1016000 2794000 -1016000 0 3 0
L 2717800 -1016000 228600 0 8 0 1 0 ON
A 2946400 -965200 203200 0 3 3 #=10
A 0 0 9 0 3 0 PINTYPE=BI
E
