V 54
K 1
D 0 -762000 0 0
Y 1
U 1651000 762000 254000 0 2 3 REFDES=J?
U 1651000 508000 254000 0 2 3 DEVICE=M80-5000000M1-04-333-00-000
U 1651000 254000 254000 0 2 0 PKG_TYPE=M805000000M10433300000
U 1651000 0 254000 0 2 0 Description=Datamate Mix-Tek: 4 Pos Plug SIL Right-Angle 3.5mm THT Power Connector Jackscrews
U 1651000 -254000 254000 0 2 0 Datasheet Link=https://content.harwin.com/m/3dd0c935a279b32/original/DRG-01214-Technical-Drawing-Datasheet-M80-5000000M1-XX-XXX-00-000-pdf.pdf
U 1651000 -508000 254000 0 2 0 Height=6
U 1651000 -762000 254000 0 2 0 Manufacturer_Name=Harwin
U 1651000 -1016000 254000 0 2 0 Manufacturer_Part_Number=M80-5000000M1-04-333-00-000
U 1651000 -1270000 254000 0 2 0 Mouser Part Number=855-0000M10433300000
U 1651000 -1524000 254000 0 2 0 Mouser Price/Stock=https://www.mouser.co.uk/ProductDetail/Harwin/M80-5000000M1-04-333-00-000?qs=W0yvOO0ixfE%252By8HRXG%252B6Ng%3D%3D
U 1651000 -1778000 254000 0 2 0 Arrow Part Number=
U 1651000 -2032000 254000 0 2 0 Arrow Price/Stock=
U 0 0 254000 0 1 0 FORWARD_PCB=1
l 5 508000 254000 1524000 254000 1524000 -1016000 508000 -1016000 508000 254000
|GRPHSTL -1 -1 -1 1
P 1 0 -762000 508000 -762000 0 2 0
L 584200 -762000 228600 0 2 0 1 0 A1
A 355600 -711200 203200 0 9 3 #=A1
A 0 0 9 0 3 0 PINTYPE=BI
P 2 0 -508000 508000 -508000 0 2 0
L 584200 -508000 228600 0 2 0 1 0 A2
A 355600 -457200 203200 0 9 3 #=A2
A 0 0 9 0 3 0 PINTYPE=BI
P 3 0 -254000 508000 -254000 0 2 0
L 584200 -254000 228600 0 2 0 1 0 A3
A 355600 -203200 203200 0 9 3 #=A3
A 0 0 9 0 3 0 PINTYPE=BI
P 4 0 0 508000 0 0 2 0
L 584200 0 228600 0 2 0 1 0 A4
A 355600 50800 203200 0 9 3 #=A4
A 0 0 9 0 3 0 PINTYPE=BI
E
